[Variables]
nozzle_expansion_applied_offset = 0.044887499998083
nozzle_expansion_coefficient = 0.05343749999771785

